68037543430
-21123414637
56619844751
59688006695
82329471587
-60489726142
-32955448858
53645918962
-44445057840
10793991159
-4520589628
25774184952
-27043105442
2680182039
90445945034
83239013600
27142345591
43459385886
-71679488929
21393775251
-96739885676
-51422645875
-72553684643
60835350845
-68664182150
-19811121151
-74041910644
-78238239595
99784903600
-56348618938
2586478880
67822446938
22527966519
-40793676461
27510453540
4857438013
-1283402602
94555004776
-41496643118
54271539558
5348995842
53982767255
-19954275582
78305890401
-43337050799
-29508330548
61544904001
83805294793
-86048944754
89865415072
5199070044
-82788830429
-61557230802
32645385401
78046520509
-30221412951
-87165735843
-95995390228
-8459652546
-87380832335
-52344009165
94126826335
80441614696
70183957354
-46666850125
7952068144
-24958604726
52049747273
2507072828
33544752157
6321286832
-92143931330
-12472480682
86367011250
86161959071
44190468613
-43141319390
47706862980
27995763313
-29190264051
37572278053
-66805166736
-11979094480
76015047252
65840218665
-33932574063
-54206365792
78674482916
-29927964290
37333981663
91293650582
17728026638
31460807906
71735265185
-12088016101
84793957781
-20312666670
62953379267
36843705054
82194406158
-3501868669
-56835008207
90050474829
84025650743
-70467997050
76212433900
28216119263
-13609316347
23919296788
-43788117517
57200419603
-38508425252
-10593284160
-54778674969
-62493378093
-44753065587
11288751061
-16699743885
-66078582763
81360786772
-79365762314
-74784932181
-911186683
52095045685
96950333005
87000797310
36889003374
-23362333758
49954176484
-26267291665
-41167927600
-53547692278
16897700129
-51117452864
-69522041627
46429703173
-74905019056
58694077636
-67179613266
49014277825
-85094039881
90020806337
-89494147520
4312675960
-64757868725
-51987525519
59559610374
46530882337
31312730597
93481027704
27891669109
51946968376
-81303904570
-73019517667
4042013969
-84353571658
-86018720449
-59068982750
-7715905322
63935456035
14663725679
51116167079
-89612236242
-68438574285
99998714216
-59134277869
77991128888
-74906304840
99559799860
-89188484470
74107972986
-85534240113
-99167678226
84613825466
18778435848
-63925546857
-67373700146
-21661953871
82605335480
63939030544
-28180926260
10497004497
15885998828
-9484830830
37477486924
-80071987296
6161597606
51458766475
-39140970046
98445692285
15394222510
75522755633
49561859271
25781986269
-92915818651
49560573394
66647708400
85075310238
74654268554
66207508168
95886825861
48762241447
80673268055
96719147635
33376066914
-548296190
-67206399314
66002366769
77789750032
-84601063833
29941397220
-50391176320
25895940664
-54172604045
40123992944
-36626572505
-34244591340
-53714409543
-85167806030
26614438708
-55268717351
30226416480
2137194248
94293141921
-43991597344
9221375598
43853715222
-77343889036
-5703314164
18507983776
88863619225
-9816488396
-32729774869
69536887188
-13097340853
-99353708048
-31011409001
19696259926
66648658815
-53221659062
35095196093
-3409944058
-3612835381
-39008863336
42417451991
-63488842530
24364564253
-91827139441
-17203252073
39196758223
34787299267
27528030577
-30576825389
-63075506484
21821172405
25431577267
46145869114
-34325112372
48087688231
-59557445143
84182871405
36951307364
30626066462
-48546903557
6488194552
-82471274391
-47900611511
75476785551
37224985536
-81251952789
-77744873603
-27679818463
15338103154
18642291016
33311318202
-42244444947
55153448579
-42324117638
-34071584295
-62049803586
96872640585
-99284285121
65478227085
-33704184897
-62359791605
-12700600603
91727392371
83786077603
52974287026
39815080603
-75771367632
37157158338
-23233612126
54854698923
88610254874
83254582427
72383424533
-59290356729
58731367885
9608409977
-40542309518
80986494282
81928591514
74795793637
-371214702
15239909624
-67448651310
-45217766215
72915792080
-1520235605
-7267569801
69788432572
-804520725
-41789342809
-63915752324
36835687764
45510056682
-72188360045
20621765274
-1515656385
67626720558
44850397643
-64358498047
-55606891567
-294903527
-75748243265
-72352309233
-27911479086
-35038599994
86379058745
81696930891
24419090489
67365552935
63625522313
-785115967
-33005661859
-21134568063
31766232723
21776571926
-48218776076
-69754002975
-85490997874
-78430343596
29441476394
-27280340683
-42346095919
-33722835935
-81770284093
-14534455871
86898929340
16714059615
-46907735405
31749326890
52355561569
-2514626972
-68545576637
76607318304
25133063888
3542944278
-58431281782
11512122541
-14760124830
65987808707
-21122324617
-51134602610
-34797307353
45872013618
27730829328
96968925463
-32351414549
79512053252
-72785077604
-17842412423
-98918290343
56656398790
54877246988
-41264386262
-77066437238
73106962895
44201157868
-90167507991
-10178977582
97293422556
41581818993
-57823416106
-5221204509
73036242357
-81216097894
-80088140714
-23420813458
-39647379676
31423981828
61819061712
-73659571062
-89698342788
-89315540898
-8456878322
56173670830
38415288430
-11487952952
-76177743812
17927341683
15726969444
5979843859
19009051341
-27616631765
-39142909246
77744665079
-4683069003
-66035946443
21945822947
5149423100
23785076068
19239245410
-53268758000
65961659963
-85981959192
-80232515736
84745562162
-66070099812
-3653329194
-54901817607
65353882017
-41834267482
-28561388575
75655539229
-31149808379
62981733103
31829209966
-92734520041
-48506219941
55651466248
25192821642
67220749504
-38368689986
-55798127110
-60395882354
22488400769
-78053462030
34921048737
56452454326
43892360918
-59929528255
-19762469698
-36868393765
-13198286255
-53800809735
-22850352956
6569198009
-69055247665
11079547233
-97084131277
-23957065272
-23566570750
-38918398758
47481546154
-47911031614
29931792863
10463279164
83918178446
37197272915
61957059224
39569644601
-37609905535
29177808728
-98799045477
6591967449
68781926375
23689355293
28538505420
3702975019
-19858190474
-27569133755
43773446764
60379339922
35562472481
-69424839583
-93421469906
-87287880568
37144358426
-62476717571
23791666759
40060227243
13566217158
-99774904084
-98858171608
-38952236688
-47685935697
31073621348
71511042477
-63767757344
-31729105829
33468101701
75801887258
30660988637
-37354089664
77002841782
-62747044006
-68572163381
692196982
65791461414
35130811731
80834006602
-61777672434
-21095741597
41213346431
73784800047
9479418913
47791876526
86496919573
-53376222753
85315158956
10288586239
86684004490
-1118623979
10513682156
87825832975
59929139334
62827746459
18899454231
31440181812
99059989209
87170348403
-35091716580
74861876375
17831336948
27554193757
51864718157
55084293035
58982030376
-47443084954
20875754356
-5887157985
-66609078444
59098082016
73017100511
74604267987
32882881971
-17503480668
22396144421
19379801451
29120296579
7711303284
-70331612402
15804301069
-93407320694
40182069754
3630133952
66521818640
3009816213
-77470411909
-2037999641
2069805330
-90300063599
62870283780
-23068318388
27531273349
-9575522556
-71203600323
-17384433708
-50593492180
-18646685183
-96508679352
43519349835
14744236373
62589402665
16536450254
-10651495639
-4527715456
99032969586
-88255351311
-85147914005
28153266165
19455952066
-55479526406
-56042432858
26048631372
84702543441
47587701095
-7429550080
-12287640438
70117289186
90532450373
89782164893
79817225588
53402734060
-33286153588
7348498845
-56172788496
-4489753817
89964065230
-6766280675
76863561001
93455385879
-63246930933
-8392202719
56044788451
53289519414
80956301643
-48482927098
52322488907
92700950425
-33630841102
-19524245020
12156902398
10889632585
24433322122
-61794466322
-4407824066
-27978976876
30775983599
83304535496
-57861687783
21308433879
73086700296
-78044462287
-25288832060
-60199453384
29304036651
18538379444
35310792799
19268101788
-88227901323
12174353707
12723487574
-51474832256
-96217849011
-31231724067
-98185312934
84738452632
20285348836
54137176067
77439402964
86654507828
-65387069046
-10403694730
-2455859680
59046253170
27801838949
93136316255
-68932723799
-41422177452
76440851658
-26794411488
79886256428
49527551862
-4838873775
-45402575725
89328098478
-75534837216
73135803720
24638891278
43733264572
84907902397
-63186755108
-43543247946
-66566929858
-59404604119
25225027988
-64752242791
-74666151486
-54489623176
89384933276
-97226748615
-67835115441
-76002135769
-7630443251
29709024880
83044117401
-79828604395
22845341043
-85888606490
-21250781846
-713807392
-12683017977
-41364525418
-51186255623
82478108342
13232898858
-61858157237
-93056728968
-13631297422
62780734041
50676535698
-28723395117
99593979026
-92866712340
4709675025
-59810625185
32358315741
39957432327
-34476776670
77868692566
29342365511
-31703525192
-89966422967
53340229742
60666031558
39742601914
36384347051
80837427163
-37412057136
50495740655
-40413354682
61874135472
-62187277415
18222119900
-89312120243
-79709169167
-68544981335
-51170277480
-72765898040
17823721243
-88389543439
77910637658
89100326220
-88795564505
85043925319
-6189998848
-48606189689
17402240968
-66232566613
16917033734
-4729066559
63109798991
85213508543
5304510474
16450028641
45879540008
-54952887705
-47165624308
26716967079
7635055159
-96669883746
86303612397
-30490809461
-58857161161
4525732204
-19802929704
-38566330233
35980750963
29026792910
-11332228273
-46195527887
40637249471
-33421590707
-57095201760
51841684967
-48377665481
36714799486
-96764504815
69024575580
70482232873
20152528919
-35704491072
33592031772
5366037369
69600019496
-49957939587
-48754422716
-85352868301
2876436106
77962544457
22282186952
6206552361
64266156761
91791377492
47349391201
-31208111035
-28011552211
-91216939125
-95227360165
-98984759394
-2549167398
-41422888051
41652490078
64029241895
1481910283
-6505825048
-84348423586
-61803290324
-3270329863
84676151994
-91321057543
-83117800944
-51028339170
42270974322
22248236426
-81428319766
92313034735
73493813804
-66781187974
-4810529252
51456358168
55500998979
-98603976983
15722514835
47292376378
48745414218
84514403801
-80719175926
57528475186
89287043637
-79703935320
-45020692305
-52135844414
61948554758
-80991450409
49346065870
-44557270382
-65339873995
87542775546
52172399848
-80663722093
96221718004
69054598905
-31692061263
38492692233
-8697164762
-13120380935
30805726875
-35203351051
20098431091
-74004802469
-83746992976
-24400570023
-72608779452
31975521953
-77108193738
76136634860
16489925662
-57827369570
33665109953
5776969299
-37531304890
88644417649
53641124886
-75582750131
-92347032853
2987190663
-20140020513
-57686906848
-9470033883
-67967620757
-38350628940
-13248315972
-98913021944
29957309891
-74755623739
-7610186613
-83163071137
56050103137
57186462337
36935359955
82045300762
73439469455
-87465210160
-90563478783
5414991316
-64573403898
85573156078
-78095083115
-22400773467
19238265938
27681886184
40067921737
7882683588
-18676989023
64485171606
15535650735
84310201641
-55654848999
57848743981
-25159832335
-23622469662
-80501885052
61591851786
-22535491606
49455424840
86836228047
69854321782
66292353703
42886331092
27040784120
3227713565
24931631761
480253482
15762503405
34368153072
-94104755295
51189099602
19941309057
-72199838410
-71211673958
-60820425005
55482047868
68856247779
47062258583
-63194941247
33341419293
-37402090774
-78884739606
77686570388
-79553346886
-4044571940
-45935899367
-60055231844
-42452720247
31528609027
89400192997
-55616492292
1382930810
55692546700
87269838893
-71576285163
-41079739827
12201470561
28903968319
74682763672
-53430376460
34799213025
25871863181
66510932690
62599374615
54660189223
-94309492407
18081422391
23516437003
52752766177
54886481238
-43142143797
-84649324690
76001741632
-65455573502
-64202671482
-28042830401
-11391472869
-24257903325
29504449446
-79862863841
-34857710421
73887957154
21520066969
-79165163813
61157795955
49943781807
-20244903546
-26640733484
-21152249967
-45562139967
19928890056
-86353037035
80309723215
-13560177346
76246337581
34969912345
-7869669753
-5672240028
-41513650744
-55116903668
-50785758883
15344205552
-39766228265
-74784017343
49888632050
-3968899746
-2826847743
-61502840818
71773196929
-73322398390
-41365704659
-63084513584
-99434441235
80154362311
-42249677304
61723354720
30098144025
37505419150
-64917378857
-91054106034
91943279184
55011511293
-77407143069
72253002306
-58548666145
98839194513
7222914559
33581664196
-6833045607
65709263908
78464760528
42381195510
-18946530633
-61301467830
67597178168
-69057898675
34729632425
-35229669575
-30560739493
6502829262
